661	987	466	-33	719	614	239	533	178	71318	924	510	764	496	607	943	542	371	843
308	835	659	162	736	433	964	-27	683	124920	345	131	631	-48	187	734	246	508	22
166	-78	154	941	398	262	856	704	310	-90
101	453	833	82	761	692	122	372	923	323
-62	459	273	122	854	986	468	410	32	880
250	409	984	-79	501	521	519	613	702	79
506	744	405	893	696	796	643	-9	902	157
18	773	532	94	208	938	518	858	854	707
769	306	572	178	281	788	602	297	930	328
249	43	668	320	678	500	651	911	-66	42
428	908	922	593	431	809	699	44	933	318
469	590	227	148	728	-70	948	552	748	720
807	648	125	556	210	918	209	596	168	540
687	753	402	983	-71	533	518	273	293	833
930	513	49	236	334	977	687	510	-74	672
928	365	393	72	323	250	229	380	-45	543
740	463	669	119	615	774	10	803	225	989
183	67	531	-61	82	179	673	595	244	616
298	955	931	-100	520	625	-55	133	554	931
23	218	247	243	405	238	32	187	394	869
323	703	738	173	314	632	260	884	788	324
550	205	521	-43	609	426	116	245	156	11
112	634	948	987	-57	-77	593	258	746	919
-16	559	549	194	47	636	754	668	69	842
-14	660	779	869	583	470	881	959	886	534
-39	356	741	481	312	691	570	285	500	472
326	175	195	250	-11	869	257	759	785	231
38	323	213	258	575	972	-70	889	397	448
414	750	-95	767	216	641	724	701	622	610
449	639	586	253	652	636	940	941	410	228
977	849	817	318	-64	601	390	237	-43	28
354	121	333	776	345	254	-36	265	926	40
835	809	416	749	569	311	241	884	779	848
95	816	262	28	195	628	842	397	758	373
742	773	376	935	40	360	843	380	-15	237
-12	-53	53	50	549	342	987	278	-75	925
963	763	936	277	98	693	298	661	782	874
452	426	-58	350	582	-73	56	322	875	-70
287	861	-65	262	773	669	638	986	584	635
336	423	543	775	681	38	865	860	457	888
-45	919	835	17	118	-13	452	132	-13	364
70	630	859	350	360	977	262	302	681	203
696	523	923	284	595	13	625	713	-42	808
400	204	868	796	581	24	-45	18	912	942
931	384	341	156	602	297	355	395	535	367
57	300	327	10	151	627	807	836	313	473
165	320	443	577	108	401	336	272	539	411
862	724	696	-45	781	663	928	256	-82	323