182   50  156   15  176  179   12  130   39  191
165   53   16  115   56  173  170  200  119   89
144  141    7   99  101   23  143  192  136   75
 45  154   10  129   17  149   91   13  138   57
 58  159   32   70   61   54   33  189  139  126
 46   59   65   36   14    4  166   64  145   28
150  142   84   77  134   51   83  164  109  181
116  106   42  121  180   76   79  128  105  172
 19  184  167  168  198    1   21   31  110   78
140  123  117   86   69   80  186   97   24    5
111  147  103  190  185   85   11   49  118   37
 81   47   67    6   66  108   68   96  151  137
 72   95   93   55   94   40  132   62   74   43
133  114  171    3  135   48  120   90  194   20
 92  122  175  100  125  163  127    8  169  197
188  155   22  158  148   18  187   34    2   38
 73  124   88  178   26   29   87   52  161  112
195  174   35   30   63  177  160   60   82  152
153  196  162  199   41  113  146  193   98  107
131  102   71   25  183  157    9  104   44   27